[0.         0.03030303 0.06060606 0.09090909 0.12121212 0.15151515
 0.18181818 0.21212121 0.24242424 0.27272727 0.3030303  0.33333333
 0.36363636 0.39393939 0.42424242 0.45454545 0.48484848 0.51515152
 0.54545455 0.57575758 0.60606061 0.63636364 0.66666667 0.6969697
 0.72727273 0.75757576 0.78787879 0.81818182 0.84848485 0.87878788
 0.90909091 0.93939394 0.96969697 1.         1.03030303 1.06060606
 1.09090909 1.12121212 1.15151515 1.18181818 1.21212121 1.24242424
 1.27272727 1.3030303  1.33333333 1.36363636 1.39393939 1.42424242
 1.45454545 1.48484848 1.51515152 1.54545455 1.57575758 1.60606061
 1.63636364 1.66666667 1.6969697  1.72727273 1.75757576 1.78787879
 1.81818182 1.84848485 1.87878788 1.90909091 1.93939394 1.96969697
 2.         2.03030303 2.06060606 2.09090909 2.12121212 2.15151515
 2.18181818 2.21212121 2.24242424 2.27272727 2.3030303  2.33333333
 2.36363636 2.39393939 2.42424242 2.45454545 2.48484848 2.51515152
 2.54545455 2.57575758 2.60606061 2.63636364 2.66666667 2.6969697
 2.72727273 2.75757576 2.78787879 2.81818182 2.84848485 2.87878788
 2.90909091 2.93939394 2.96969697 3.        ]
[0.0, -0.0009, -0.0037, -0.0083, -0.0149, -0.0235, -0.0342, -0.0472, -0.0627, -0.0809, -0.1023, -0.1273, -0.1568, -0.1921, -0.2354, -0.2915, -0.3745, -0.543, -0.9369, -1.4978, -2.127, -2.793, -3.4827, -4.1892, -4.9081, -5.6366, -6.3726, -7.1148, -7.8619, -8.6133, -9.3682, -10.1262, -10.8868, -11.6496, -12.4144, -13.181, -13.9491, -14.7185, -15.4892, -16.2611, -17.0339, -17.8076, -18.5821, -19.3574, -20.1333, -20.9099, -21.6871, -22.4647, -23.2429, -24.0215, -24.8006, -25.58, -26.3598, -27.1399, -27.9204, -28.7011, -29.4821, -30.2634, -31.0449, -31.8266, -32.6086, -33.3908, -34.1731, -34.9556, -35.7383, -36.5212, -37.3042, -38.0874, -38.8707, -39.6541, -40.4377, -41.2214, -42.0052, -42.7891, -43.5731, -44.3572, -45.1414, -45.9257, -46.7101, -47.4945, -48.2791, -49.0637, -49.8484, -50.6331, -51.418, -52.2029, -52.9878, -53.7728, -54.5579, -55.343, -56.1282, -56.9134, -57.6987, -58.4841, -59.2694, -60.0549, -60.8403, -61.6258, -62.4114, -63.1969]